# Sample T2 train IDs (placeholder, not paper-accurate)
# VOC ids
000034
000035
000036
000039
000041
000042
000044
000046
000047
000048
# COCO ids
000000001296
000000001503
000000001584
000000001761
000000002149
000005
000007
000009
000012
000016
000017
000019
000020
000021
000023
000024
000026
000030
000032
000033
000034
000035
000036
000039
000041
000042
000044
000046
000047
000048
000050
000051
000052
000060
000061
000063
000064
000065
000066
000072
000073
000077
000078
000081
000083
000089
000091
000093
000095
000099
000101
000102
000104
000107
000109
