# Sample T1 train IDs (placeholder, not paper-accurate)
# VOC2007/2012 ids (6 digits)
000005
000007
000009
000012
000016
000017
000019
000020
000021
000023
# COCO train2017 ids (12 digits)
000000000009
000000000025
000000000049
000000000133
000000000139
000005
000007
000009
000012
000016
000017
000019
000020
000021
000023
000024
000026
000030
000032
000033
000034
000035
000036
000039
000041
000042
000044
000046
000047
000048
000050
000051
000052
000060
000061
000063
000064
000065
000066
000072
000073
000077
000078
000081
000083
000089
000091
000093
000095
000099
000101
000102
000104
000107
000109
